# Rodrigues et al. UHE neutrino flux from all AGN classes, source
# Enu [GeV], Enu^2*phi_nue [GeV cm^{-2} s^{-1} sr^{-1}], Enu^2*phi_numu, Enu^2*phi_nutau, Enu^2*phi_nuebar, Enu^2*phi_numubar, Enu^2*phi_nutaubar
1.03739341e+03 0.00000000e+00 0.00000000e+00 0.00000000e+00 0.00000000e+00 0.00000000e+00 0.00000000e+00
1.11497675e+03 0.00000000e+00 0.00000000e+00 0.00000000e+00 0.00000000e+00 0.00000000e+00 0.00000000e+00
1.19836231e+03 2.12936884e-13 2.58240324e-13 2.36255336e-13 1.16466056e-13 2.16989011e-13 1.94234880e-13
1.28798401e+03 2.33044425e-13 2.63919664e-13 2.42508437e-13 1.15072537e-13 2.14392733e-13 1.91910856e-13
1.38430823e+03 2.58158983e-13 2.71633138e-13 2.50850732e-13 1.13695692e-13 2.11827520e-13 1.89614639e-13
1.48783623e+03 2.89424358e-13 2.81837632e-13 2.61752790e-13 1.12335321e-13 2.09292999e-13 1.87345896e-13
1.59910676e+03 3.25517962e-13 3.03885683e-13 2.83151674e-13 4.32144038e-13 3.44846702e-13 3.25619042e-13
1.71869886e+03 3.62572512e-13 3.44902009e-13 3.20897779e-13 3.81540490e-13 3.50463654e-13 3.26971747e-13
1.84723487e+03 4.04100629e-13 3.91658344e-13 3.63877441e-13 3.48407565e-13 3.66949392e-13 3.38851150e-13
1.98538368e+03 4.50673754e-13 4.44979072e-13 4.12837433e-13 3.29928285e-13 3.93761042e-13 3.60598189e-13
2.13386420e+03 5.01177641e-13 4.99522123e-13 4.63116034e-13 3.43819050e-13 4.33232578e-13 3.95430584e-13
2.29344910e+03 5.54404068e-13 5.49937473e-13 5.10038251e-13 3.98633769e-13 4.84065547e-13 4.42820131e-13
2.46496885e+03 6.13310082e-13 6.05461127e-13 5.61734468e-13 4.64052214e-13 5.41965319e-13 4.97002271e-13
2.64931601e+03 6.78504486e-13 6.66612852e-13 6.18692554e-13 5.42408523e-13 6.08141557e-13 5.59175305e-13
2.84744991e+03 7.49469112e-13 7.34034679e-13 6.81428077e-13 6.17148337e-13 6.76827057e-13 6.23254266e-13
3.06040162e+03 8.25880747e-13 8.08399139e-13 7.50496148e-13 6.70938080e-13 7.41896184e-13 6.82793116e-13
3.28927930e+03 9.10083464e-13 8.90297847e-13 8.26565250e-13 7.29528130e-13 8.13297083e-13 7.48095854e-13
3.53527402e+03 1.00287172e-12 9.80494181e-13 9.10345081e-13 7.93356556e-13 8.91651848e-13 8.19726482e-13
3.79966590e+03 1.10379715e-12 1.07808001e-12 1.00102542e-12 8.64759227e-13 9.77228770e-13 8.98075396e-13
4.08383080e+03 1.21276830e-12 1.18259123e-12 1.09820163e-12 9.45586830e-13 1.07038895e-12 9.83579402e-13
4.38924749e+03 1.33250404e-12 1.29723896e-12 1.20481633e-12 1.03397641e-12 1.17243491e-12 1.07722881e-12
4.71750532e+03 1.46406838e-12 1.42300683e-12 1.32178675e-12 1.13063612e-12 1.28421460e-12 1.17980001e-12
5.07031251e+03 1.60755674e-12 1.55986909e-12 1.44909733e-12 1.23481729e-12 1.40532592e-12 1.29089654e-12
5.44950503e+03 1.76346834e-12 1.70820798e-12 1.58711038e-12 1.34628899e-12 1.53583292e-12 1.41055754e-12
5.85705614e+03 1.93451190e-12 1.87066160e-12 1.73827597e-12 1.46784375e-12 1.67847273e-12 1.54132383e-12
6.29508670e+03 2.12215707e-12 2.04857378e-12 1.90384831e-12 1.60039543e-12 1.83437444e-12 1.68422721e-12
6.76587617e+03 2.32811595e-12 2.24366610e-12 2.08542246e-12 1.74518887e-12 2.00473773e-12 1.84038274e-12
7.27187449e+03 2.55422297e-12 2.45771568e-12 2.28464956e-12 1.90346740e-12 2.19088557e-12 2.01101121e-12
7.81571481e+03 2.80230213e-12 2.69219569e-12 2.50291911e-12 2.07612096e-12 2.39433099e-12 2.19747233e-12
8.40022721e+03 3.07448980e-12 2.94905710e-12 2.74205217e-12 2.26445691e-12 2.61668250e-12 2.40123637e-12
9.02845344e+03 3.37496121e-12 3.23282952e-12 3.00622289e-12 2.47161335e-12 2.86167599e-12 2.62572511e-12
9.70366270e+03 3.70741869e-12 3.54732241e-12 3.29895489e-12 2.70017336e-12 3.13243354e-12 2.87379545e-12
1.04293687e+04 4.07263478e-12 3.89241665e-12 3.62019888e-12 2.94989763e-12 3.42882711e-12 3.14532106e-12
1.12093480e+04 4.47383826e-12 4.27109058e-12 3.97273260e-12 3.22274857e-12 3.75328562e-12 3.44252132e-12
1.20476594e+04 4.91710177e-12 4.68962905e-12 4.36236691e-12 3.52476343e-12 4.11273076e-12 3.77175127e-12
1.29486654e+04 5.40776342e-12 5.15333124e-12 4.79401621e-12 3.86044278e-12 4.51246577e-12 4.13787140e-12
1.39170548e+04 5.94739393e-12 5.66288921e-12 5.26838221e-12 4.22812492e-12 4.95107488e-12 4.53955259e-12
1.49578670e+04 6.54088121e-12 6.22283822e-12 5.78969276e-12 4.63086420e-12 5.43234063e-12 4.98025093e-12
1.60765182e+04 7.19487539e-12 6.83955154e-12 6.36387418e-12 5.07790270e-12 5.96556794e-12 5.46858677e-12
1.72788298e+04 7.91595664e-12 7.51923034e-12 6.99670024e-12 5.57591678e-12 6.55797439e-12 6.01121291e-12
1.85710584e+04 8.70931501e-12 8.26645933e-12 7.69246197e-12 6.12279334e-12 7.20922193e-12 6.60769435e-12
1.99599287e+04 9.58219608e-12 9.08795274e-12 8.45741914e-12 6.72332843e-12 7.92515621e-12 7.26337742e-12
2.14526681e+04 1.05434498e-11 9.99355175e-12 9.30062554e-12 7.38961096e-12 8.71683730e-12 7.98858414e-12
2.30570448e+04 1.16022603e-11 1.09925357e-11 1.02306755e-11 8.13063838e-12 9.59352479e-12 8.79187915e-12
2.47814077e+04 1.27674042e-11 1.20913840e-11 1.12537323e-11 8.94597743e-12 1.05583853e-11 9.67595085e-12
2.66347302e+04 1.40495608e-11 1.33000801e-11 1.23790972e-11 9.84308037e-12 1.16202871e-11 1.06489220e-11
2.86266568e+04 1.54627810e-11 1.46375914e-11 1.36240137e-11 1.08344943e-11 1.27918079e-11 1.17224488e-11
3.07675532e+04 1.70209892e-11 1.61194442e-11 1.50027635e-11 1.19311185e-11 1.40849071e-11 1.29075436e-11
3.30685605e+04 1.87362265e-11 1.77513188e-11 1.65210474e-11 1.31387390e-11 1.55087236e-11 1.42124472e-11
3.55416527e+04 2.06243180e-11 1.95484036e-11 1.81929871e-11 1.44685905e-11 1.70764712e-11 1.56492719e-11
3.81996997e+04 2.26921233e-11 2.15234386e-11 2.00299882e-11 1.59244172e-11 1.87936562e-11 1.72230005e-11
4.10565335e+04 2.49547716e-11 2.36933177e-11 2.20475884e-11 1.75165043e-11 2.06728014e-11 1.89450872e-11
4.41270208e+04 2.74430797e-11 2.60819914e-11 2.42684579e-11 1.92677648e-11 2.27398392e-11 2.08393611e-11
4.74271400e+04 3.01795583e-11 2.87115253e-11 2.67130796e-11 2.11941123e-11 2.50135566e-11 2.29230390e-11
5.09740647e+04 3.31197546e-11 3.15351412e-11 2.93382547e-11 2.32694662e-11 2.74640026e-11 2.51686249e-11
5.47862525e+04 3.62677456e-11 3.45556171e-11 3.21466471e-11 2.54984538e-11 3.00969149e-11 2.75813608e-11
5.88835418e+04 3.97149812e-11 3.78654232e-11 3.52238965e-11 2.79409568e-11 3.29822388e-11 3.02253887e-11
6.32872542e+04 4.34899104e-11 4.14922765e-11 3.85957440e-11 3.06174283e-11 3.61441725e-11 3.31228809e-11
6.80203063e+04 4.74433073e-11 4.52774560e-11 4.21157231e-11 3.34465745e-11 3.94798756e-11 3.61799925e-11
7.31073282e+04 5.15599528e-11 4.92023507e-11 4.57668161e-11 3.64241472e-11 4.29825165e-11 3.93905683e-11
7.85747923e+04 5.60337993e-11 5.34674769e-11 4.97344297e-11 3.96668057e-11 4.67959156e-11 4.28860526e-11
8.44511506e+04 6.08958412e-11 5.81023278e-11 5.40460040e-11 4.31981506e-11 5.09476442e-11 4.66917287e-11
9.07669830e+04 6.58860367e-11 6.28542169e-11 5.84668218e-11 4.68713370e-11 5.52493460e-11 5.06358561e-11
9.75551564e+04 7.09800632e-11 6.76990421e-11 6.29745280e-11 5.06770491e-11 5.96868337e-11 5.47056189e-11
1.04850996e+05 7.64679447e-11 7.29173133e-11 6.78297768e-11 5.47918595e-11 6.44807887e-11 5.91025411e-11
1.12692467e+05 8.23801332e-11 7.85378166e-11 7.30593641e-11 5.92408808e-11 6.96598511e-11 6.38529272e-11
1.21120378e+05 8.83960099e-11 8.42837393e-11 7.84037119e-11 6.38155298e-11 7.49644996e-11 6.87197208e-11
1.30178585e+05 9.45001749e-11 9.01441703e-11 8.38523992e-11 6.85085100e-11 8.03838459e-11 7.36930758e-11
1.39914227e+05 1.01025898e-10 9.64121181e-11 8.96797727e-11 7.35468678e-11 8.61951314e-11 7.90265242e-11
1.50377966e+05 1.08002295e-10 1.03115922e-10 9.59121531e-11 7.89560403e-11 9.24267144e-11 8.47461507e-11
1.61624255e+05 1.15053053e-10 1.09924741e-10 1.02239769e-10 8.44367918e-11 9.87202395e-11 9.05238514e-11
1.73711617e+05 1.22176892e-10 1.16839582e-10 1.08663399e-10 8.99867906e-11 1.05072086e-10 9.63563583e-11
1.86702956e+05 1.29742028e-10 1.24189562e-10 1.15490777e-10 9.59020050e-11 1.11832887e-10 1.02564924e-10
2.00665875e+05 1.37775808e-10 1.32002072e-10 1.22747289e-10 1.02206495e-10 1.19028991e-10 1.09173813e-10
2.15673036e+05 1.45704944e-10 1.39681012e-10 1.29881978e-10 1.08413133e-10 1.26084101e-10 1.15654973e-10
2.31802535e+05 1.53542944e-10 1.47238222e-10 1.36905935e-10 1.14529978e-10 1.33007827e-10 1.22017205e-10
2.49138308e+05 1.61802605e-10 1.55204323e-10 1.44309764e-10 1.20992570e-10 1.40312159e-10 1.28729828e-10
2.67770568e+05 1.70506611e-10 1.63601438e-10 1.52114011e-10 1.27820487e-10 1.48018043e-10 1.35812163e-10
2.87796275e+05 1.78697338e-10 1.71383390e-10 1.59355050e-10 1.34247059e-10 1.55225040e-10 1.42438769e-10
3.09319642e+05 1.86430916e-10 1.78609603e-10 1.66087740e-10 1.40313775e-10 1.61983540e-10 1.48655745e-10
3.32452672e+05 1.94499586e-10 1.86140816e-10 1.73105192e-10 1.46655564e-10 1.69036895e-10 1.55144662e-10
3.57315748e+05 2.02917886e-10 1.93989915e-10 1.80419467e-10 1.53284940e-10 1.76397995e-10 1.61917444e-10
3.84038254e+05 2.10372023e-10 2.00805290e-10 1.86780361e-10 1.59214025e-10 1.82929062e-10 1.67929769e-10
4.12759251e+05 2.17004008e-10 2.06736295e-10 1.92325804e-10 1.64545500e-10 1.88751848e-10 1.73293180e-10
4.43628200e+05 2.23846572e-10 2.12843653e-10 1.98037054e-10 1.70056583e-10 1.94760675e-10 1.78828590e-10
4.76805739e+05 2.30906445e-10 2.19132646e-10 2.03919104e-10 1.75753360e-10 2.00961513e-10 1.84541541e-10
5.12464521e+05 2.36852633e-10 2.24383134e-10 2.08833420e-10 1.80648911e-10 2.06248525e-10 1.89415192e-10
5.50790109e+05 2.41899739e-10 2.28796954e-10 2.12967959e-10 1.84898080e-10 2.10799056e-10 1.93612381e-10
5.91981946e+05 2.47055531e-10 2.33298493e-10 2.17185239e-10 1.89248133e-10 2.15450597e-10 1.97903187e-10
6.36254389e+05 2.52322374e-10 2.37889512e-10 2.21486938e-10 1.93701487e-10 2.20205405e-10 2.02289713e-10
6.83837828e+05 2.56755220e-10 2.41815727e-10 2.25160838e-10 1.97467549e-10 2.24203609e-10 2.05979701e-10
7.34979879e+05 2.60552397e-10 2.45237639e-10 2.28358299e-10 2.00709002e-10 2.27624897e-10 2.09138535e-10
7.89946682e+05 2.64405917e-10 2.48708121e-10 2.31601313e-10 2.04004299e-10 2.31098810e-10 2.12346230e-10
8.49024277e+05 2.68316619e-10 2.52227864e-10 2.34890529e-10 2.07354344e-10 2.34626163e-10 2.15603549e-10
9.12520097e+05 2.71879692e-10 2.55486508e-10 2.37931804e-10 2.10177583e-10 2.37617440e-10 2.18364618e-10
9.80764567e+05 2.75196488e-10 2.58562151e-10 2.40799119e-10 2.12618260e-10 2.40220310e-10 2.20766078e-10
1.05411282e+06 2.78553759e-10 2.61674829e-10 2.43700998e-10 2.15087497e-10 2.42851835e-10 2.23194091e-10
1.13294656e+06 2.81952000e-10 2.64824990e-10 2.46637858e-10 2.17585630e-10 2.45512333e-10 2.25648953e-10
1.21767603e+06 2.85430945e-10 2.67967939e-10 2.49574060e-10 2.19685944e-10 2.47878794e-10 2.27824162e-10
1.30874213e+06 2.88980355e-10 2.71116890e-10 2.52520243e-10 2.21510259e-10 2.50043621e-10 2.29807380e-10
1.40661879e+06 2.92574139e-10 2.74303032e-10 2.55501391e-10 2.23349819e-10 2.52227418e-10 2.31807926e-10
1.51181532e+06 2.96212855e-10 2.77526807e-10 2.58517922e-10 2.25204753e-10 2.54430351e-10 2.33825952e-10
1.62487917e+06 3.00306006e-10 2.81003759e-10 2.61782914e-10 2.26896181e-10 2.56725570e-10 2.35911983e-10
1.74639871e+06 3.04731986e-10 2.84669665e-10 2.65232908e-10 2.28483039e-10 2.59091718e-10 2.38051729e-10
1.87700630e+06 3.09224712e-10 2.88384601e-10 2.68729562e-10 2.30083677e-10 2.61481440e-10 2.40212653e-10
2.01738162e+06 3.13785211e-10 2.92149242e-10 2.72273525e-10 2.31698228e-10 2.63894976e-10 2.42394972e-10
2.16825517e+06 3.19356781e-10 2.96706960e-10 2.76567527e-10 2.33631232e-10 2.66989767e-10 2.45183872e-10
2.33041206e+06 3.25643039e-10 3.01819960e-10 2.81387141e-10 2.35784501e-10 2.70550962e-10 2.48388206e-10
2.50469615e+06 3.32056387e-10 3.07023757e-10 2.86293401e-10 2.37967302e-10 2.74165971e-10 2.51640756e-10
2.69201439e+06 3.38599455e-10 3.12320016e-10 2.91287918e-10 2.40180084e-10 2.77835628e-10 2.54942267e-10
2.89334157e+06 3.47175854e-10 3.19469128e-10 2.98012197e-10 2.43439503e-10 2.82990163e-10 2.59590060e-10
3.10972537e+06 3.57173168e-10 3.27892479e-10 3.05927612e-10 2.47393587e-10 2.89147391e-10 2.65146126e-10
3.34229182e+06 3.67461903e-10 3.36540790e-10 3.14056095e-10 2.51430621e-10 2.95450587e-10 2.70833169e-10
3.59225117e+06 3.78050646e-10 3.45420149e-10 3.22403462e-10 2.55552549e-10 3.01903307e-10 2.76654374e-10
3.86090419e+06 3.92275808e-10 3.57771794e-10 3.33980510e-10 2.61644883e-10 3.10954437e-10 2.84840976e-10
4.14964891e+06 4.09087013e-10 3.72555831e-10 3.47822651e-10 2.69052758e-10 3.21787788e-10 2.94647515e-10
4.45998792e+06 4.26620246e-10 3.87952066e-10 3.62239762e-10 2.76699955e-10 3.33017105e-10 3.04810334e-10
4.79353621e+06 4.44906583e-10 4.03985908e-10 3.77255781e-10 2.84594876e-10 3.44657204e-10 3.15342726e-10
5.15202950e+06 4.68692959e-10 4.25225661e-10 3.97117274e-10 2.95495526e-10 3.60261876e-10 3.29484122e-10
5.53733337e+06 4.96586895e-10 4.50313058e-10 4.20562929e-10 3.08482777e-10 3.78709014e-10 3.46208363e-10
5.95145289e+06 5.26141132e-10 4.76880732e-10 4.45392978e-10 3.22084634e-10 3.98127500e-10 3.63808486e-10
6.39654308e+06 5.57454506e-10 5.05016036e-10 4.71689177e-10 3.36331830e-10 4.18569346e-10 3.82331240e-10
6.87492015e+06 5.95680159e-10 5.39481458e-10 5.03892608e-10 3.54492127e-10 4.44153170e-10 4.05535816e-10
7.38907352e+06 6.39481358e-10 5.79031435e-10 5.40842524e-10 3.75552423e-10 4.73693982e-10 4.32335637e-10
7.94167878e+06 6.86503369e-10 6.21480905e-10 5.80501977e-10 3.97917806e-10 5.05231611e-10 4.60938876e-10
8.53561163e+06 7.36983031e-10 6.67042439e-10 6.23069662e-10 4.21671994e-10 5.38902543e-10 4.91468423e-10
9.17396282e+06 7.94732224e-10 7.19051611e-10 6.71669942e-10 4.49782171e-10 5.78173882e-10 5.27103639e-10
9.86005426e+06 8.59017568e-10 7.76871578e-10 7.25705914e-10 4.81426635e-10 6.22205007e-10 5.67066656e-10
1.05974563e+07 9.28503217e-10 8.39341185e-10 7.84089339e-10 5.15346326e-10 6.69617669e-10 6.10088159e-10
1.13900063e+07 1.00360987e-09 9.06834355e-10 8.47170012e-10 5.51707976e-10 7.20673250e-10 6.56403931e-10
1.22418286e+07 1.08507343e-09 9.79843013e-10 9.15420616e-10 5.92156235e-10 7.76798000e-10 7.07350922e-10
1.31573559e+07 1.17330271e-09 1.05877789e-09 9.89221720e-10 6.36394904e-10 8.37932706e-10 7.62858003e-10
1.41413526e+07 1.26870710e-09 1.14407251e-09 1.06897351e-09 6.83970862e-10 9.03897121e-10 8.22739400e-10
1.51989393e+07 1.37187020e-09 1.23623935e-09 1.15515585e-09 7.35138138e-10 9.75074020e-10 8.87341080e-10
1.63356195e+07 1.47906834e-09 1.33173537e-09 1.24447236e-09 7.89252664e-10 1.04967613e-09 9.55084796e-10
1.75573085e+07 1.59239299e-09 1.43249321e-09 1.33872528e-09 8.46896615e-10 1.12885981e-09 1.02700301e-09
1.88703636e+07 1.71440274e-09 1.54087618e-09 1.44011853e-09 9.08766876e-10 1.21402590e-09 1.10434590e-09
2.02816180e+07 1.84576340e-09 1.65746150e-09 1.54919317e-09 9.75174445e-10 1.30562700e-09 1.18752325e-09
2.17984156e+07 1.97700321e-09 1.77338247e-09 1.65768930e-09 1.04233288e-09 1.39766505e-09 1.27112713e-09
2.34286496e+07 2.11257021e-09 1.89275602e-09 1.76944553e-09 1.11210121e-09 1.49300813e-09 1.35774677e-09
2.51808036e+07 2.25743855e-09 2.02016943e-09 1.88874031e-09 1.18654573e-09 1.59485861e-09 1.45027254e-09
2.70639957e+07 2.41224674e-09 2.15616450e-09 2.01608245e-09 1.26598027e-09 1.70366085e-09 1.54910737e-09
2.90880257e+07 2.56041920e-09 2.28522973e-09 2.13702154e-09 1.34272931e-09 1.80827223e-09 1.64416091e-09
3.12634264e+07 2.70965985e-09 2.41454268e-09 2.25824649e-09 1.42040059e-09 1.91389236e-09 1.74014352e-09
3.36015184e+07 2.86761172e-09 2.55118330e-09 2.38635821e-09 1.50256641e-09 2.02568258e-09 1.84173028e-09
3.61144689e+07 3.03478399e-09 2.69556741e-09 2.52174853e-09 1.58948694e-09 2.14400337e-09 1.94924845e-09
3.88153549e+07 3.18648719e-09 2.82479454e-09 2.64306861e-09 1.66910037e-09 2.25188834e-09 2.04730821e-09
4.17182316e+07 3.33467162e-09 2.94996644e-09 2.76066669e-09 1.74725900e-09 2.35754877e-09 2.14335881e-09
4.48382052e+07 3.48977255e-09 3.08070622e-09 2.88351804e-09 1.82907760e-09 2.46816690e-09 2.24391571e-09
4.81915117e+07 3.65211391e-09 3.21726253e-09 3.01185828e-09 1.91472757e-09 2.58397535e-09 2.34919033e-09
5.17956013e+07 3.78897381e-09 3.32985985e-09 3.11788678e-09 1.98778344e-09 2.68221237e-09 2.43851932e-09
5.56692292e+07 3.91723182e-09 3.43395384e-09 3.21602687e-09 2.05670519e-09 2.77459712e-09 2.52254165e-09
5.98325535e+07 4.04987303e-09 3.54133717e-09 3.31729080e-09 2.12801703e-09 2.87016413e-09 2.60945930e-09
6.43072395e+07 4.18704853e-09 3.65211497e-09 3.42177916e-09 2.20180185e-09 2.96902303e-09 2.69937204e-09
6.91165730e+07 4.28954002e-09 3.73142742e-09 3.49688194e-09 2.25793908e-09 3.04358277e-09 2.76721803e-09
7.42855812e+07 4.37912442e-09 3.79880854e-09 3.56085880e-09 2.30756142e-09 3.10912414e-09 2.82687657e-09
7.98411631e+07 4.47063528e-09 3.86745398e-09 3.62605294e-09 2.35827595e-09 3.17607780e-09 2.88782222e-09
8.58122292e+07 4.56411501e-09 3.93738843e-09 3.69248845e-09 2.41010674e-09 3.24447421e-09 2.95008276e-09
9.22298524e+07 4.61626849e-09 3.97084107e-09 3.72477723e-09 2.44023156e-09 3.28334189e-09 2.98550958e-09
9.91274291e+07 4.65303632e-09 3.99068140e-09 3.74432734e-09 2.46226764e-09 3.31119248e-09 3.01092550e-09
1.06540854e+08 4.69016218e-09 4.01067732e-09 3.76403554e-09 2.48450542e-09 3.33928082e-09 3.03655930e-09
1.14508705e+08 4.72764977e-09 4.03083032e-09 3.78390336e-09 2.50694677e-09 3.36760894e-09 3.06241287e-09
1.23072446e+08 4.72022595e-09 4.01191102e-09 3.76715518e-09 2.50480005e-09 3.36295945e-09 3.05827485e-09
1.32276642e+08 4.69710879e-09 3.97951766e-09 3.73776590e-09 2.49401236e-09 3.34674034e-09 3.04361381e-09
1.42169190e+08 4.67418030e-09 3.94745199e-09 3.70867082e-09 2.48327359e-09 3.33060083e-09 3.02902442e-09
1.52801571e+08 4.65143858e-09 3.91571050e-09 3.67986680e-09 2.47258349e-09 3.31454049e-09 3.01450634e-09
1.64229113e+08 4.58272593e-09 3.84414150e-09 3.61372593e-09 2.43553923e-09 3.26379679e-09 2.96841148e-09
1.76511285e+08 4.50000410e-09 3.76086330e-09 3.53657425e-09 2.39040967e-09 3.20245567e-09 2.91266616e-09
1.89712002e+08 4.41886906e-09 3.67947233e-09 3.46115124e-09 2.34611696e-09 3.14226776e-09 2.85796806e-09
2.03899958e+08 4.33928844e-09 3.59992439e-09 3.38741673e-09 2.30264558e-09 3.08321139e-09 2.80429750e-09
2.19148986e+08 4.21495244e-09 3.48176259e-09 3.27747041e-09 2.23265835e-09 2.99006946e-09 2.71955220e-09
2.35538440e+08 4.08009103e-09 3.35523777e-09 3.15962427e-09 2.15643146e-09 2.88895720e-09 2.62753792e-09
2.53153609e+08 3.94966739e-09 3.23342148e-09 3.04612386e-09 2.08280795e-09 2.79126465e-09 2.53863736e-09
2.72086161e+08 3.82353106e-09 3.11613496e-09 2.93680544e-09 2.01169888e-09 2.69687611e-09 2.45274515e-09
2.92434618e+08 3.65681320e-09 2.96438342e-09 2.79512244e-09 1.91650906e-09 2.57223502e-09 2.33923517e-09
3.14304871e+08 3.48468491e-09 2.80908792e-09 2.65002665e-09 1.81826241e-09 2.44379088e-09 2.22225132e-09
3.37810731e+08 3.32081589e-09 2.66207226e-09 2.51260396e-09 1.72506462e-09 2.32176746e-09 2.11112474e-09
3.63074519e+08 3.16480159e-09 2.52288818e-09 2.38244187e-09 1.63665559e-09 2.20584343e-09 2.00556181e-09
3.90227705e+08 2.97574755e-09 2.35659401e-09 2.22674524e-09 1.52946826e-09 2.06663028e-09 1.87872158e-09
4.19411591e+08 2.78733679e-09 2.19226850e-09 2.07278250e-09 1.42314566e-09 1.92847349e-09 1.75284734e-09
4.50778048e+08 2.61103818e-09 2.03957340e-09 1.92963290e-09 1.32425491e-09 1.79957509e-09 1.63542944e-09
4.84490301e+08 2.44606017e-09 1.89767454e-09 1.79652618e-09 1.23227358e-09 1.67931297e-09 1.52589805e-09
5.20723787e+08 2.25759224e-09 1.73755606e-09 1.64617060e-09 1.12833670e-09 1.54400877e-09 1.40263585e-09
5.59667059e+08 2.07537597e-09 1.58418010e-09 1.50203097e-09 1.02871110e-09 1.41392594e-09 1.28415092e-09
6.01522775e+08 1.90805579e-09 1.44452566e-09 1.37069020e-09 9.37953990e-10 1.29484186e-09 1.17571461e-09
6.46508747e+08 1.75439694e-09 1.31735011e-09 1.25099705e-09 8.55269189e-10 1.18582273e-09 1.07647083e-09
6.94859075e+08 1.58615687e-09 1.17968754e-09 1.12130294e-09 7.66714611e-10 1.06874829e-09 9.69910462e-10
7.46825371e+08 1.42800786e-09 1.05163215e-09 1.00054679e-09 6.84399492e-10 9.59316424e-10 8.70337753e-10
8.02678061e+08 1.28580551e-09 9.37655764e-10 8.92968382e-10 6.11000635e-10 8.61131703e-10 7.81030151e-10
8.62707795e+08 1.15792193e-09 8.36192144e-10 7.97111727e-10 5.45543240e-10 7.73033125e-10 7.00924297e-10
9.27226961e+08 1.02193624e-09 7.29361146e-10 6.96092648e-10 4.78056426e-10 6.81190539e-10 6.17465681e-10
9.96571311e+08 8.97668526e-10 6.32923479e-10 6.04797850e-10 4.17062573e-10 5.97586027e-10 5.41523245e-10
1.07110170e+09 7.88674588e-10 5.49406917e-10 5.25640770e-10 3.63901669e-10 5.24269162e-10 4.74948080e-10
1.15120599e+09 6.93054684e-10 4.77058696e-10 4.56986714e-10 3.17560878e-10 4.59970276e-10 4.16580948e-10
1.23730101e+09 5.93489780e-10 4.02368515e-10 3.86052036e-10 2.70865961e-10 3.94012593e-10 3.56765718e-10
1.32983481e+09 5.05380828e-10 3.37283250e-10 3.24146946e-10 2.29846425e-10 3.35677140e-10 3.03882021e-10
1.42928892e+09 4.30498757e-10 2.82886630e-10 2.72323047e-10 1.95054056e-10 2.85986330e-10 2.58845261e-10
1.53618088e+09 3.66832845e-10 2.37397991e-10 2.28914088e-10 1.65541097e-10 2.43657863e-10 2.20489816e-10
1.65106696e+09 3.01934930e-10 1.91501386e-10 1.85070506e-10 1.36201062e-10 2.00804428e-10 1.81695621e-10
1.77454499e+09 2.46803066e-10 1.53319919e-10 1.48518594e-10 1.11316222e-10 1.64309528e-10 1.48664631e-10
1.90725756e+09 2.01856796e-10 1.22890567e-10 1.19318848e-10 9.09786645e-11 1.34447672e-10 1.21638781e-10
2.04989527e+09 1.65188537e-10 9.86116404e-11 9.59657115e-11 7.43573301e-11 1.10013223e-10 9.95262559e-11
2.20320041e+09 1.29019635e-10 7.50869426e-11 7.32941923e-11 5.81439992e-11 8.59331872e-11 7.77459056e-11
2.36797074e+09 9.99120680e-11 5.66794605e-11 5.54990325e-11 4.50633635e-11 6.64990985e-11 6.01681171e-11
2.54506373e+09 7.74428560e-11 4.28760994e-11 4.21108263e-11 3.49259026e-11 5.14603125e-11 4.65647599e-11
2.73540093e+09 6.00782462e-11 3.25019535e-11 3.20159670e-11 2.70692998e-11 3.98227196e-11 3.60371453e-11
2.93997285e+09 4.38255901e-11 2.31058206e-11 2.28368001e-11 1.96913058e-11 2.89321797e-11 2.61835672e-11
3.15984405e+09 3.16299600e-11 1.62681871e-11 1.61317988e-11 1.41544620e-11 2.07718146e-11 1.87996258e-11
3.39615872e+09 2.28503869e-11 1.14855018e-11 1.14248069e-11 1.01745561e-11 1.49131315e-11 1.34980447e-11
3.65014661e+09 1.65223777e-11 8.13003204e-12 8.11090135e-12 7.31376233e-12 1.07069158e-11 9.69156238e-12
3.92312944e+09 1.10600793e-11 5.36680887e-12 5.36468833e-12 4.80299264e-12 7.09657425e-12 6.42053871e-12
4.21652779e+09 7.30572652e-12 3.50200127e-12 3.50669731e-12 3.10636496e-12 4.63910338e-12 4.19488259e-12
4.53186846e+09 4.82721497e-12 2.28734405e-12 2.29421240e-12 2.01028087e-12 3.03324469e-12 2.74136880e-12
4.87079246e+09 3.19043231e-12 1.49535252e-12 1.50221693e-12 1.30171905e-12 1.98364844e-12 1.79188347e-12
5.23506351e+09 1.99354588e-12 9.29970453e-13 9.34883323e-13 7.67561194e-13 1.23030211e-12 1.10863767e-12
5.62657722e+09 1.23435604e-12 5.73689172e-13 5.77032308e-13 4.54385582e-13 7.60737043e-13 6.84121654e-13
6.04737100e+09 7.64308163e-13 3.53941829e-13 3.56193787e-13 2.73362512e-13 4.72421337e-13 4.24238726e-13
6.49963461e+09 4.73271171e-13 2.18390641e-13 2.19894938e-13 1.66447707e-13 2.94261486e-13 2.63987409e-13
6.98572157e+09 3.01001487e-13 1.40230497e-13 1.40998327e-13 1.05505459e-13 1.84446372e-13 1.65550728e-13
7.50816142e+09 1.92268056e-13 9.06798034e-14 9.10135938e-14 6.76144756e-14 1.15862530e-13 1.04084804e-13
8.06967289e+09 1.22857400e-13 5.87083468e-14 5.88132931e-14 4.36672053e-14 7.29236600e-14 6.55869192e-14
8.67317800e+09 7.85351248e-14 3.80573335e-14 3.80495236e-14 2.84741838e-14 4.60165878e-14 4.14499282e-14
9.32181735e+09 3.74271918e-14 1.95868383e-14 1.93777195e-14 1.79117223e-14 2.76877301e-14 2.49934176e-14
1.00189664e+10 1.73846026e-14 1.01605958e-14 9.91292956e-15 1.13793017e-14 1.66282014e-14 1.50527477e-14
1.07682529e+10 8.25734755e-15 5.53033447e-15 5.31293856e-15 7.37128234e-15 1.00547088e-14 9.13568533e-15
1.15735762e+10 4.04292570e-15 3.16414423e-15 2.99305230e-15 4.88079967e-15 6.13381283e-15 5.59948891e-15
1.24391271e+10 1.77581247e-15 1.45512635e-15 1.37072473e-15 3.17489439e-15 3.73047307e-15 3.41966012e-15
1.33694098e+10 7.68500870e-16 6.49765625e-16 6.10400537e-16 2.07985298e-15 2.27977618e-15 2.09940040e-15
1.43692654e+10 3.33093228e-16 2.90613150e-16 2.72278481e-16 1.37838665e-15 1.40329552e-15 1.29899462e-15
1.54438969e+10 1.44604981e-16 1.30183197e-16 1.21654165e-16 9.23922842e-16 8.70867857e-16 8.10836194e-16
1.65988967e+10 1.44992070e-16 1.24609852e-16 1.16896835e-16 5.31410118e-16 3.69059368e-16 3.53206031e-16
1.78402753e+10 1.60770411e-16 1.30737668e-16 1.23238142e-16 3.40958001e-16 1.81791176e-16 1.79410590e-16
1.91744927e+10 1.79091729e-16 1.37882733e-16 1.30626907e-16 2.35293638e-16 1.07278813e-16 1.08210459e-16
2.06084919e+10 2.00362580e-16 1.46207596e-16 1.39230522e-16 1.67837812e-16 7.09396623e-17 7.23951548e-17
2.21497353e+10 1.67091853e-16 1.32725623e-16 1.25377796e-16 1.24115047e-16 5.47121527e-17 5.54693778e-17
2.38062434e+10 1.37121098e-16 1.20563562e-16 1.12884206e-16 9.34866396e-17 4.52794952e-17 4.52734837e-17
2.55866365e+10 1.14450768e-16 1.11320912e-16 1.03396884e-16 7.27046445e-17 4.13396850e-17 4.04672725e-17
2.75001795e+10 9.72954682e-17 1.04283816e-16 9.61807182e-17 5.99872458e-17 4.30408066e-17 4.10557187e-17
2.95568303e+10 7.69024566e-17 7.63670713e-17 7.08206484e-17 4.52239015e-17 3.55595562e-17 3.36222687e-17
3.17672914e+10 6.13054494e-17 5.53095409e-17 5.16769010e-17 3.39525547e-17 2.88447824e-17 2.70860780e-17
3.41430659e+10 4.96531478e-17 4.06445937e-17 3.82905934e-17 2.57355456e-17 2.36302043e-17 2.20469328e-17
3.66965170e+10 4.07981940e-17 3.03489984e-17 2.88464466e-17 1.97087510e-17 1.95350731e-17 1.81187880e-17
3.94409326e+10 3.39499451e-17 2.30504393e-17 2.21123441e-17 1.52575081e-17 1.62828348e-17 1.50221326e-17
4.23905942e+10 2.85604985e-17 1.78168061e-17 1.72506565e-17 1.19439453e-17 1.36715121e-17 1.25535865e-17
4.55608517e+10 2.42475177e-17 1.40138494e-17 1.36907710e-17 9.45556622e-18 1.15526557e-17 1.05643089e-17
4.89682026e+10 2.07419284e-17 1.12090030e-17 1.10429521e-17 7.56886014e-18 9.81636455e-18 8.94464618e-18
5.26303784e+10 1.90424660e-17 1.03547553e-17 1.01932229e-17 7.10439683e-18 9.23983208e-18 8.41794514e-18
5.65664367e+10 1.75687636e-17 9.66225266e-18 9.49780163e-18 6.74118021e-18 8.75866608e-18 7.98004147e-18
6.07968602e+10 1.62123881e-17 9.02055179e-18 8.85402797e-18 6.39655465e-18 8.30256914e-18 7.56493005e-18
6.53436636e+10 1.49638684e-17 8.42571923e-18 8.25787646e-18 6.06956750e-18 7.87023454e-18 7.17142397e-18
7.02305080e+10 1.38145028e-17 7.87413474e-18 7.70564325e-18 5.75931498e-18 7.46042370e-18 6.79839816e-18
7.54828238e+10 1.27562967e-17 7.36246604e-18 7.19392008e-18 5.46493967e-18 7.07196264e-18 6.44478615e-18
8.11279437e+10 1.17819045e-17 6.88764554e-18 6.71957042e-18 5.18562813e-18 6.70373858e-18 6.10957704e-18
8.71952440e+10 1.08845771e-17 6.44684904e-18 6.27970750e-18 4.92060865e-18 6.35469678e-18 5.79181259e-18
9.37162985e+10 1.00581133e-17 6.03747608e-18 5.87167417e-18 4.66914908e-18 6.02383749e-18 5.49058449e-18
1.00725042e+11 9.29681493e-18 5.65713193e-18 5.49302435e-18 4.43055484e-18 5.71021309e-18 5.20503175e-18
1.08257947e+11 8.59544589e-18 5.30361105e-18 5.14150600e-18 4.20416695e-18 5.41292536e-18 4.93433822e-18
1.16354213e+11 7.94919475e-18 4.97488183e-18 4.81504551e-18 3.98936023e-18 5.13112293e-18 4.67773026e-18
1.25055974e+11 7.35363999e-18 4.66907268e-18 4.51173334e-18 3.78554156e-18 4.86399881e-18 4.43447455e-18
1.34408512e+11 6.80471833e-18 4.38445912e-18 4.22981077e-18 3.59214822e-18 4.61078807e-18 4.20387594e-18
1.44460496e+11 6.29869552e-18 4.11945200e-18 3.96765779e-18 3.40864634e-18 4.37076569e-18 3.98527552e-18
1.55264236e+11 5.83213962e-18 3.87258666e-18 3.72378198e-18 3.23452943e-18 4.14324442e-18 3.77804867e-18
1.66875954e+11 5.40189635e-18 3.64251294e-18 3.49680824e-18 3.06931696e-18 3.92757286e-18 3.58160333e-18
1.79356075e+11 5.00506654e-18 3.42798606e-18 3.28546936e-18 2.91255302e-18 3.72313355e-18 3.39537825e-18
1.92769544e+11 4.63898539e-18 3.22785811e-18 3.08859742e-18 2.76380509e-18 3.52934123e-18 3.21884143e-18
2.07186164e+11 4.30120336e-18 3.04107043e-18 2.90511579e-18 2.62266281e-18 3.34564115e-18 3.05148858e-18
2.22680957e+11 3.98946874e-18 2.86664638e-18 2.73403184e-18 2.48873683e-18 3.17150747e-18 2.89284165e-18
2.39334556e+11 3.70171151e-18 2.70368489e-18 2.57443026e-18 2.36165778e-18 3.00644177e-18 2.74244751e-18
2.57233624e+11 3.43602863e-18 2.55135438e-18 2.42546682e-18 2.24107522e-18 2.84997160e-18 2.59987661e-18
2.76471307e+11 3.19067045e-18 2.40888729e-18 2.28636276e-18 2.12665664e-18 2.70164915e-18 2.46472178e-18
2.97147715e+11 2.96402825e-18 2.27557496e-18 2.15639953e-18 2.01808659e-18 2.56104994e-18 2.33659706e-18
3.19370446e+11 2.75462283e-18 2.15076299e-18 2.03491403e-18 1.91506578e-18 2.42777161e-18 2.21513656e-18
3.43255144e+11 2.56109395e-18 2.03384690e-18 1.92129419e-18 1.81731024e-18 2.30143279e-18 2.09999346e-18
3.68926102e+11 2.38219074e-18 1.92426824e-18 1.81497490e-18 1.72455056e-18 2.18167197e-18 1.99083901e-18
3.96516910e+11 2.21676278e-18 1.82151091e-18 1.71543434e-18 1.63653114e-18 2.06814648e-18 1.88736156e-18
4.26171146e+11 2.06375198e-18 1.72509783e-18 1.62219048e-18 1.55300944e-18 1.96053154e-18 1.78926569e-18
4.58043128e+11 1.92218510e-18 1.63458792e-18 1.53479798e-18 1.47375537e-18 1.85851924e-18 1.69627136e-18
4.92298713e+11 1.79116685e-18 1.54957318e-18 1.45284531e-18 1.39855063e-18 1.76181777e-18 1.60811312e-18
5.29116165e+11 1.66987364e-18 1.46967619e-18 1.37595203e-18 1.32718807e-18 1.67015051e-18 1.52453933e-18
5.68687077e+11 1.55754771e-18 1.39454765e-18 1.30376639e-18 1.25947117e-18 1.58325523e-18 1.44531145e-18
6.11217371e+11 1.45349183e-18 1.32386421e-18 1.23596306e-18 1.19521347e-18 1.50088340e-18 1.37020336e-18
6.56928371e+11 1.35706442e-18 1.25732646e-18 1.17224105e-18 1.13423807e-18 1.42279942e-18 1.29900072e-18
7.06057950e+11 1.26767503e-18 1.19465705e-18 1.11232183e-18 1.07637709e-18 1.34877998e-18 1.23150034e-18
7.58861774e+11 1.18478024e-18 1.13559896e-18 1.05594755e-18 1.02147129e-18 1.27861339e-18 1.16750960e-18
8.15614627e+11 1.10787982e-18 1.07991397e-18 1.00287943e-18 9.69369549e-19 1.21209900e-18 1.10684592e-18
8.76611846e+11 1.03651329e-18 1.02738117e-18 9.52896313e-19 9.19928500e-19 1.14904663e-18 1.04933622e-18
9.42170852e+11 9.70256674e-19 9.77795659e-19 9.05793237e-19 8.73012110e-19 1.08927597e-18 9.94816422e-19
1.01263281e+12 9.08719601e-19 9.30967274e-19 8.61380230e-19 8.28491307e-19 1.03261614e-18 9.43130997e-19
1.08836439e+12 8.51542564e-19 8.86719492e-19 8.19481133e-19 7.86243628e-19 9.78905143e-19 8.94132504e-19
1.16975969e+12 7.98394451e-19 8.44888379e-19 7.79932534e-19 7.46152876e-19 9.27989433e-19 8.47681181e-19
1.25724229e+12 7.48970261e-19 8.05321626e-19 7.42582796e-19 7.08108800e-19 8.79723458e-19 8.03644537e-19
1.35126744e+12 7.02989005e-19 7.67877669e-19 7.07291146e-19 6.72006795e-19 8.33969249e-19 7.61896976e-19
1.45232442e+12 6.60191776e-19 7.32424876e-19 6.73926852e-19 6.37747602e-19 7.90596024e-19 7.22319440e-19
1.56093914e+12 6.20339982e-19 6.98840795e-19 6.42368453e-19 6.05237048e-19 7.49479816e-19 6.84799066e-19
1.67767680e+12 5.83213714e-19 6.67011463e-19 6.12503057e-19 5.74385772e-19 7.10503114e-19 6.49228864e-19
1.80314490e+12 5.48610250e-19 6.36830771e-19 5.84225689e-19 5.45108989e-19 6.73554529e-19 6.15507412e-19
1.93799636e+12 5.16342681e-19 6.08199875e-19 5.57438696e-19 5.17326249e-19 6.38528473e-19 5.83538564e-19
2.08293293e+12 4.86238650e-19 5.81026660e-19 5.32051197e-19 4.90961220e-19 6.05324859e-19 5.53231180e-19
2.23870885e+12 4.58139182e-19 5.55225234e-19 5.07978570e-19 4.65941471e-19 5.73848814e-19 5.24498860e-19
2.40613475e+12 4.31897627e-19 5.30715474e-19 4.85141989e-19 4.42198278e-19 5.44010404e-19 4.97259699e-19
2.58608190e+12 4.07378669e-19 5.07422601e-19 4.63467993e-19 4.19666432e-19 5.15724381e-19 4.71436055e-19
2.77948672e+12 3.84457431e-19 4.85276784e-19 4.42888084e-19 3.98284058e-19 4.88909936e-19 4.46954325e-19
2.98735568e+12 3.63018639e-19 4.64212786e-19 4.23338364e-19 3.77992446e-19 4.63490469e-19 4.23744736e-19
3.21077049e+12 3.42955867e-19 4.44169626e-19 4.04759195e-19 3.58735887e-19 4.39393370e-19 4.01741144e-19
3.45089378e+12 3.24170828e-19 4.25090274e-19 3.87094889e-19 3.40461522e-19 4.16549809e-19 3.80880845e-19
3.70897513e+12 3.06572737e-19 4.06921365e-19 3.70293418e-19 3.23119193e-19 3.94894541e-19 3.61104400e-19
3.98635756e+12 2.90077712e-19 3.89612940e-19 3.54306148e-19 3.06661309e-19 3.74365719e-19 3.42355460e-19
4.28448454e+12 2.74608233e-19 3.73118200e-19 3.39087598e-19 2.91042709e-19 3.54904717e-19 3.24580607e-19
4.60490748e+12 2.60092640e-19 3.57393284e-19 3.24595208e-19 2.76220542e-19 3.36455960e-19 3.07729202e-19
4.94929384e+12 2.46464669e-19 3.42397065e-19 3.10789133e-19 2.62154148e-19 3.18966769e-19 2.91753242e-19
5.31943575e+12 2.33663034e-19 3.28090955e-19 2.97632051e-19 2.48804944e-19 3.02387207e-19 2.76607218e-19
5.71725940e+12 2.21631031e-19 3.14438727e-19 2.85088982e-19 2.36136319e-19 2.86669936e-19 2.62247989e-19
6.14483501e+12 2.10316183e-19 3.01406360e-19 2.73127124e-19 2.24113536e-19 2.71770086e-19 2.48634658e-19
6.60438764e+12 1.99669911e-19 2.88961877e-19 2.61715702e-19 2.12703628e-19 2.57645119e-19 2.35728456e-19
7.09830874e+12 1.89647224e-19 2.77075213e-19 2.50825825e-19 2.01875318e-19 2.44254716e-19 2.23492628e-19
7.62916863e+12 1.80206447e-19 2.65718081e-19 2.40430358e-19 1.91598923e-19 2.31560653e-19 2.11892333e-19
8.19972984e+12 1.71308962e-19 2.54863856e-19 2.30503797e-19 1.81846280e-19 2.19526699e-19 2.00894540e-19
8.81296150e+12 1.68837770e-19 2.51686656e-19 2.27607272e-19 1.79158893e-19 2.15372306e-19 1.97144426e-19
9.47205481e+12 2.31750135e-19 3.23734729e-19 2.93761781e-19 2.47187667e-19 2.87597644e-19 2.63801790e-19
1.01804396e+13 3.24992632e-19 4.19849250e-19 3.82652604e-19 3.42008543e-19 3.84639184e-19 3.53596507e-19
1.09418022e+13 4.66568028e-19 5.50268168e-19 5.04301438e-19 4.74538084e-19 5.15279658e-19 4.74815471e-19
1.17601048e+13 6.54623536e-19 7.04074819e-19 6.49211004e-19 6.34101180e-19 6.66588262e-19 6.15627851e-19
1.26396055e+13 6.31327781e-19 6.70015510e-19 6.18379517e-19 6.10543845e-19 6.40233696e-19 5.91391776e-19
1.35848813e+13 6.09093745e-19 6.37764977e-19 5.89173363e-19 5.87869224e-19 6.14926442e-19 5.68115163e-19
1.46008513e+13 5.87866410e-19 6.07223786e-19 5.61503420e-19 5.66043957e-19 5.90624691e-19 5.45759838e-19
1.56928024e+13 5.58697950e-19 5.69551332e-19 5.27168063e-19 5.36800964e-19 5.59034379e-19 5.16639957e-19
1.68664171e+13 4.72348354e-19 4.77162039e-19 4.41947246e-19 4.54676202e-19 4.74591288e-19 4.38529325e-19
1.81278027e+13 3.99409682e-19 3.99807210e-19 3.70550454e-19 3.85119789e-19 4.02906434e-19 3.72231172e-19
1.94835233e+13 3.37788848e-19 3.35033164e-19 3.10728110e-19 3.26207637e-19 3.42051760e-19 3.15958671e-19
2.09406339e+13 2.81638451e-19 2.77103105e-19 2.57155245e-19 2.72463822e-19 2.86388044e-19 2.64496073e-19
2.25067172e+13 2.12899211e-19 2.09470572e-19 1.94391400e-19 2.06842870e-19 2.18144737e-19 2.01421713e-19
2.41899228e+13 1.60937094e-19 1.58345105e-19 1.46946318e-19 1.57029963e-19 1.66165732e-19 1.53391316e-19
2.59990101e+13 1.21657325e-19 1.19697827e-19 1.11081151e-19 1.19216062e-19 1.26574152e-19 1.16816087e-19
2.79433932e+13 9.23538089e-20 9.09234507e-20 8.43741706e-20 9.07253646e-20 9.62791387e-20 8.88595869e-20
3.00331905e+13 7.19975270e-20 7.12081834e-20 6.60563290e-20 7.01336993e-20 7.26128326e-20 6.71342501e-20
3.22792771e+13 5.61303374e-20 5.57695425e-20 5.17170172e-20 5.42840587e-20 5.48119350e-20 5.07685061e-20
3.46933414e+13 4.37617895e-20 4.36794688e-20 4.04917489e-20 4.20687501e-20 4.14126262e-20 3.84299639e-20
3.72879458e+13 3.64391353e-20 3.63737675e-20 3.37189981e-20 3.48977447e-20 3.35898453e-20 3.12237743e-20
4.00765925e+13 4.45488632e-20 4.33215415e-20 4.02384727e-20 4.27564315e-20 4.09928518e-20 3.81167886e-20
4.30737931e+13 5.45332662e-20 5.16485113e-20 4.80702737e-20 5.23862988e-20 5.00285744e-20 4.65326438e-20
4.62951448e+13 6.68395051e-20 6.16404621e-20 5.74903543e-20 6.41868588e-20 6.10573625e-20 5.68080288e-20
4.97574112e+13 8.09243753e-20 7.29178010e-20 6.81356586e-20 7.76570816e-20 7.38201185e-20 6.86862052e-20
5.34786094e+13 9.11092085e-20 8.17772343e-20 7.64382362e-20 8.77384367e-20 8.48244646e-20 7.88227687e-20
5.74781041e+13 1.02578453e-19 9.17152177e-20 8.57546228e-20 9.91802863e-20 9.75097750e-20 9.04954365e-20
6.17767084e+13 1.15494401e-19 1.02863324e-19 9.62088779e-20 1.12173365e-19 1.12137693e-19 1.03941863e-19
6.63967915e+13 1.30844261e-19 1.16160579e-19 1.08674678e-19 1.27634816e-19 1.29475519e-19 1.19883523e-19
7.13623960e+13 1.52937780e-19 1.35798659e-19 1.27045344e-19 1.49358712e-19 1.52266802e-19 1.40935394e-19
7.66993621e+13 1.78761877e-19 1.58756755e-19 1.48521445e-19 1.74788634e-19 1.79076256e-19 1.65690277e-19
8.24354630e+13 2.08946477e-19 1.85596153e-19 1.73627936e-19 2.04558290e-19 2.10613342e-19 1.94800571e-19
8.86005485e+13 0.00000000e+00 0.00000000e+00 0.00000000e+00 0.00000000e+00 0.00000000e+00 0.00000000e+00
9.52267012e+13 0.00000000e+00 0.00000000e+00 0.00000000e+00 0.00000000e+00 0.00000000e+00 0.00000000e+00
1.02348403e+14 0.00000000e+00 0.00000000e+00 0.00000000e+00 0.00000000e+00 0.00000000e+00 0.00000000e+00
1.10002714e+14 0.00000000e+00 0.00000000e+00 0.00000000e+00 0.00000000e+00 0.00000000e+00 0.00000000e+00
1.18229466e+14 0.00000000e+00 0.00000000e+00 0.00000000e+00 0.00000000e+00 0.00000000e+00 0.00000000e+00
1.27071471e+14 0.00000000e+00 0.00000000e+00 0.00000000e+00 0.00000000e+00 0.00000000e+00 0.00000000e+00
1.36574741e+14 0.00000000e+00 0.00000000e+00 0.00000000e+00 0.00000000e+00 0.00000000e+00 0.00000000e+00
1.46788731e+14 0.00000000e+00 0.00000000e+00 0.00000000e+00 0.00000000e+00 0.00000000e+00 0.00000000e+00
1.57766592e+14 0.00000000e+00 0.00000000e+00 0.00000000e+00 0.00000000e+00 0.00000000e+00 0.00000000e+00
1.69565453e+14 0.00000000e+00 0.00000000e+00 0.00000000e+00 0.00000000e+00 0.00000000e+00 0.00000000e+00
1.82246713e+14 0.00000000e+00 0.00000000e+00 0.00000000e+00 0.00000000e+00 0.00000000e+00 0.00000000e+00
1.95876364e+14 0.00000000e+00 0.00000000e+00 0.00000000e+00 0.00000000e+00 0.00000000e+00 0.00000000e+00
2.10525333e+14 0.00000000e+00 0.00000000e+00 0.00000000e+00 0.00000000e+00 0.00000000e+00 0.00000000e+00
2.26269851e+14 0.00000000e+00 0.00000000e+00 0.00000000e+00 0.00000000e+00 0.00000000e+00 0.00000000e+00
2.43191853e+14 0.00000000e+00 0.00000000e+00 0.00000000e+00 0.00000000e+00 0.00000000e+00 0.00000000e+00
2.61379396e+14 0.00000000e+00 0.00000000e+00 0.00000000e+00 0.00000000e+00 0.00000000e+00 0.00000000e+00
2.80927128e+14 0.00000000e+00 0.00000000e+00 0.00000000e+00 0.00000000e+00 0.00000000e+00 0.00000000e+00
3.01936773e+14 0.00000000e+00 0.00000000e+00 0.00000000e+00 0.00000000e+00 0.00000000e+00 0.00000000e+00
3.24517662e+14 0.00000000e+00 0.00000000e+00 0.00000000e+00 0.00000000e+00 0.00000000e+00 0.00000000e+00
3.48787304e+14 0.00000000e+00 0.00000000e+00 0.00000000e+00 0.00000000e+00 0.00000000e+00 0.00000000e+00
3.74871994e+14 0.00000000e+00 0.00000000e+00 0.00000000e+00 0.00000000e+00 0.00000000e+00 0.00000000e+00
4.02907476e+14 0.00000000e+00 0.00000000e+00 0.00000000e+00 0.00000000e+00 0.00000000e+00 0.00000000e+00
4.33039642e+14 0.00000000e+00 0.00000000e+00 0.00000000e+00 0.00000000e+00 0.00000000e+00 0.00000000e+00
4.65425297e+14 0.00000000e+00 0.00000000e+00 0.00000000e+00 0.00000000e+00 0.00000000e+00 0.00000000e+00
5.00232972e+14 0.00000000e+00 0.00000000e+00 0.00000000e+00 0.00000000e+00 0.00000000e+00 0.00000000e+00
5.37643802e+14 0.00000000e+00 0.00000000e+00 0.00000000e+00 0.00000000e+00 0.00000000e+00 0.00000000e+00
5.77852468e+14 0.00000000e+00 0.00000000e+00 0.00000000e+00 0.00000000e+00 0.00000000e+00 0.00000000e+00
6.21068213e+14 0.00000000e+00 0.00000000e+00 0.00000000e+00 0.00000000e+00 0.00000000e+00 0.00000000e+00
6.67515925e+14 0.00000000e+00 0.00000000e+00 0.00000000e+00 0.00000000e+00 0.00000000e+00 0.00000000e+00
7.17437314e+14 0.00000000e+00 0.00000000e+00 0.00000000e+00 0.00000000e+00 0.00000000e+00 0.00000000e+00
7.71092164e+14 0.00000000e+00 0.00000000e+00 0.00000000e+00 0.00000000e+00 0.00000000e+00 0.00000000e+00
8.28759690e+14 0.00000000e+00 0.00000000e+00 0.00000000e+00 0.00000000e+00 0.00000000e+00 0.00000000e+00
8.90739986e+14 0.00000000e+00 0.00000000e+00 0.00000000e+00 0.00000000e+00 0.00000000e+00 0.00000000e+00
9.57355591e+14 0.00000000e+00 0.00000000e+00 0.00000000e+00 0.00000000e+00 0.00000000e+00 0.00000000e+00
1.02895316e+15 0.00000000e+00 0.00000000e+00 0.00000000e+00 0.00000000e+00 0.00000000e+00 0.00000000e+00
1.10590529e+15 0.00000000e+00 0.00000000e+00 0.00000000e+00 0.00000000e+00 0.00000000e+00 0.00000000e+00
1.18861242e+15 0.00000000e+00 0.00000000e+00 0.00000000e+00 0.00000000e+00 0.00000000e+00 0.00000000e+00
1.27750496e+15 0.00000000e+00 0.00000000e+00 0.00000000e+00 0.00000000e+00 0.00000000e+00 0.00000000e+00
1.37304548e+15 0.00000000e+00 0.00000000e+00 0.00000000e+00 0.00000000e+00 0.00000000e+00 0.00000000e+00
1.47573118e+15 0.00000000e+00 0.00000000e+00 0.00000000e+00 0.00000000e+00 0.00000000e+00 0.00000000e+00
1.58609641e+15 0.00000000e+00 0.00000000e+00 0.00000000e+00 0.00000000e+00 0.00000000e+00 0.00000000e+00
1.70471551e+15 0.00000000e+00 0.00000000e+00 0.00000000e+00 0.00000000e+00 0.00000000e+00 0.00000000e+00
1.83220575e+15 0.00000000e+00 0.00000000e+00 0.00000000e+00 0.00000000e+00 0.00000000e+00 0.00000000e+00
1.96923058e+15 0.00000000e+00 0.00000000e+00 0.00000000e+00 0.00000000e+00 0.00000000e+00 0.00000000e+00
2.11650306e+15 0.00000000e+00 0.00000000e+00 0.00000000e+00 0.00000000e+00 0.00000000e+00 0.00000000e+00
2.27478958e+15 0.00000000e+00 0.00000000e+00 0.00000000e+00 0.00000000e+00 0.00000000e+00 0.00000000e+00
2.44491384e+15 0.00000000e+00 0.00000000e+00 0.00000000e+00 0.00000000e+00 0.00000000e+00 0.00000000e+00
2.62776115e+15 0.00000000e+00 0.00000000e+00 0.00000000e+00 0.00000000e+00 0.00000000e+00 0.00000000e+00
2.82428304e+15 0.00000000e+00 0.00000000e+00 0.00000000e+00 0.00000000e+00 0.00000000e+00 0.00000000e+00
3.03550216e+15 0.00000000e+00 0.00000000e+00 0.00000000e+00 0.00000000e+00 0.00000000e+00 0.00000000e+00
3.26251770e+15 0.00000000e+00 0.00000000e+00 0.00000000e+00 0.00000000e+00 0.00000000e+00 0.00000000e+00
3.50651100e+15 0.00000000e+00 0.00000000e+00 0.00000000e+00 0.00000000e+00 0.00000000e+00 0.00000000e+00
3.76875178e+15 0.00000000e+00 0.00000000e+00 0.00000000e+00 0.00000000e+00 0.00000000e+00 0.00000000e+00
4.05060471e+15 0.00000000e+00 0.00000000e+00 0.00000000e+00 0.00000000e+00 0.00000000e+00 0.00000000e+00
4.35353653e+15 0.00000000e+00 0.00000000e+00 0.00000000e+00 0.00000000e+00 0.00000000e+00 0.00000000e+00
4.67912366e+15 0.00000000e+00 0.00000000e+00 0.00000000e+00 0.00000000e+00 0.00000000e+00 0.00000000e+00
5.02906040e+15 0.00000000e+00 0.00000000e+00 0.00000000e+00 0.00000000e+00 0.00000000e+00 0.00000000e+00
5.40516780e+15 0.00000000e+00 0.00000000e+00 0.00000000e+00 0.00000000e+00 0.00000000e+00 0.00000000e+00
